{
 "cells": [
  {
   "cell_type": "code",
   "execution_count": 196,
   "id": "8a09eec2",
   "metadata": {},
   "outputs": [],
   "source": [
    "import time\n",
    "import pandas as pd\n",
    "import numpy as np\n",
    "import requests\n",
    "from bs4 import BeautifulSoup\n",
    "from sklearn_extra.cluster import KMedoids\n",
    "\n",
    "from sklearn.cluster import KMeans\n",
    "from sklearn.decomposition import PCA\n",
    "from sklearn.decomposition import TruncatedSVD\n",
    "from sklearn.discriminant_analysis import LinearDiscriminantAnalysis\n",
    "import matplotlib.pyplot as plt\n",
    "import seaborn as sns\n",
    "from sklearn.mixture import GaussianMixture\n",
    "\n",
    "from sklearn.feature_extraction.text import TfidfTransformer\n",
    "from sklearn.feature_extraction.text import CountVectorizer\n",
    "from sklearn.cluster import estimate_bandwidth\n",
    "from sklearn.cluster import KMeans\n",
    "from sklearn.cluster import SpectralClustering\n",
    "from sklearn.cluster import MeanShift\n",
    "from sklearn.cluster import AgglomerativeClustering\n",
    "#from konlpy.tag import Komoran\n",
    "\n",
    "#import pandas_datareader as pdr\n",
    "from datetime import datetime\n",
    "\n",
    "from scipy.cluster.hierarchy import linkage \n",
    "from scipy.cluster.hierarchy import dendrogram \n",
    "\n",
    "from tslearn.clustering import TimeSeriesKMeans\n",
    "from tslearn.metrics import dtw\n",
    "\n",
    "import scipy.spatial.distance as ssd\n",
    "\n",
    "#from gensim.models import Word2Vec as w_to_v"
   ]
  },
  {
   "cell_type": "code",
   "execution_count": 197,
   "id": "8442fa04",
   "metadata": {},
   "outputs": [],
   "source": [
    "df = pd.read_csv('../datadf.csv', encoding = 'euc-kr')\n",
    "df_price = pd.read_pickle('../fkl/price_normal.fkl')\n",
    "df_dtw_matrix = pd.read_pickle('../fkl/dtw_matrix.fkl')\n",
    "\n",
    "df_finance = pd.read_pickle('../fkl/financial_i_log_categoric.fkl')\n",
    "df_price = df_price.dropna(axis = 0)"
   ]
  },
  {
   "cell_type": "code",
   "execution_count": 324,
   "id": "cf1a1af3",
   "metadata": {},
   "outputs": [],
   "source": [
    "from scipy.spatial import distance_matrix"
   ]
  },
  {
   "cell_type": "code",
   "execution_count": 325,
   "id": "fcbaef31",
   "metadata": {},
   "outputs": [],
   "source": [
    "## 대칭행렬 min_max 정규화하는 함수\n",
    "def normalize(distance_matrix):\n",
    "    # 행렬 반쪽만 num_list에 추가\n",
    "    num_list = []\n",
    "    for i in range(len(distance_matrix)):\n",
    "        for j in range(i+1, len(distance_matrix)):\n",
    "            num_list.append(distance_matrix[i][j])\n",
    "            \n",
    "    num_array = np.array(num_list)\n",
    "    max_num = num_array.max() # 평균\n",
    "    min_num = num_array.min() # 표준편차\n",
    "    \n",
    "    \n",
    "    for i in range(len(distance_matrix)):\n",
    "        for j in range(len(distance_matrix)):\n",
    "            if distance_matrix[i][j] != 0:\n",
    "                distance_matrix[i][j] = (distance_matrix[i][j]-min_num)/(max_num - min_num)\n",
    "    \n",
    "    return distance_matrix"
   ]
  },
  {
   "cell_type": "code",
   "execution_count": 326,
   "id": "e23cc6b9",
   "metadata": {},
   "outputs": [
    {
     "data": {
      "text/html": [
       "<div>\n",
       "<style scoped>\n",
       "    .dataframe tbody tr th:only-of-type {\n",
       "        vertical-align: middle;\n",
       "    }\n",
       "\n",
       "    .dataframe tbody tr th {\n",
       "        vertical-align: top;\n",
       "    }\n",
       "\n",
       "    .dataframe thead th {\n",
       "        text-align: right;\n",
       "    }\n",
       "</style>\n",
       "<table border=\"1\" class=\"dataframe\">\n",
       "  <thead>\n",
       "    <tr style=\"text-align: right;\">\n",
       "      <th></th>\n",
       "      <th>0</th>\n",
       "      <th>1</th>\n",
       "      <th>2</th>\n",
       "      <th>3</th>\n",
       "      <th>4</th>\n",
       "      <th>5</th>\n",
       "      <th>6</th>\n",
       "      <th>7</th>\n",
       "      <th>8</th>\n",
       "      <th>9</th>\n",
       "    </tr>\n",
       "  </thead>\n",
       "  <tbody>\n",
       "    <tr>\n",
       "      <th>0</th>\n",
       "      <td>0.000000</td>\n",
       "      <td>0.472188</td>\n",
       "      <td>0.549876</td>\n",
       "      <td>0.660371</td>\n",
       "      <td>0.604808</td>\n",
       "      <td>0.612707</td>\n",
       "      <td>0.613227</td>\n",
       "      <td>0.601940</td>\n",
       "      <td>0.710100</td>\n",
       "      <td>0.590347</td>\n",
       "    </tr>\n",
       "    <tr>\n",
       "      <th>1</th>\n",
       "      <td>0.472188</td>\n",
       "      <td>0.000000</td>\n",
       "      <td>0.421870</td>\n",
       "      <td>0.611931</td>\n",
       "      <td>0.453208</td>\n",
       "      <td>0.490067</td>\n",
       "      <td>0.477519</td>\n",
       "      <td>0.464760</td>\n",
       "      <td>0.616506</td>\n",
       "      <td>0.441820</td>\n",
       "    </tr>\n",
       "    <tr>\n",
       "      <th>2</th>\n",
       "      <td>0.549876</td>\n",
       "      <td>0.421870</td>\n",
       "      <td>0.000000</td>\n",
       "      <td>0.678706</td>\n",
       "      <td>0.569061</td>\n",
       "      <td>0.562239</td>\n",
       "      <td>0.596743</td>\n",
       "      <td>0.596737</td>\n",
       "      <td>0.660370</td>\n",
       "      <td>0.565430</td>\n",
       "    </tr>\n",
       "    <tr>\n",
       "      <th>3</th>\n",
       "      <td>0.660371</td>\n",
       "      <td>0.611931</td>\n",
       "      <td>0.678706</td>\n",
       "      <td>0.000000</td>\n",
       "      <td>0.726047</td>\n",
       "      <td>0.728917</td>\n",
       "      <td>0.729461</td>\n",
       "      <td>0.736884</td>\n",
       "      <td>0.804335</td>\n",
       "      <td>0.678438</td>\n",
       "    </tr>\n",
       "    <tr>\n",
       "      <th>4</th>\n",
       "      <td>0.604808</td>\n",
       "      <td>0.453208</td>\n",
       "      <td>0.569061</td>\n",
       "      <td>0.726047</td>\n",
       "      <td>0.000000</td>\n",
       "      <td>0.611008</td>\n",
       "      <td>0.598384</td>\n",
       "      <td>0.515562</td>\n",
       "      <td>0.726476</td>\n",
       "      <td>0.554901</td>\n",
       "    </tr>\n",
       "    <tr>\n",
       "      <th>5</th>\n",
       "      <td>0.612707</td>\n",
       "      <td>0.490067</td>\n",
       "      <td>0.562239</td>\n",
       "      <td>0.728917</td>\n",
       "      <td>0.611008</td>\n",
       "      <td>0.000000</td>\n",
       "      <td>0.605638</td>\n",
       "      <td>0.640762</td>\n",
       "      <td>0.743594</td>\n",
       "      <td>0.604184</td>\n",
       "    </tr>\n",
       "    <tr>\n",
       "      <th>6</th>\n",
       "      <td>0.613227</td>\n",
       "      <td>0.477519</td>\n",
       "      <td>0.596743</td>\n",
       "      <td>0.729461</td>\n",
       "      <td>0.598384</td>\n",
       "      <td>0.605638</td>\n",
       "      <td>0.000000</td>\n",
       "      <td>0.607596</td>\n",
       "      <td>0.736299</td>\n",
       "      <td>0.583269</td>\n",
       "    </tr>\n",
       "    <tr>\n",
       "      <th>7</th>\n",
       "      <td>0.601940</td>\n",
       "      <td>0.464760</td>\n",
       "      <td>0.596737</td>\n",
       "      <td>0.736884</td>\n",
       "      <td>0.515562</td>\n",
       "      <td>0.640762</td>\n",
       "      <td>0.607596</td>\n",
       "      <td>0.000000</td>\n",
       "      <td>0.705550</td>\n",
       "      <td>0.597920</td>\n",
       "    </tr>\n",
       "    <tr>\n",
       "      <th>8</th>\n",
       "      <td>0.710100</td>\n",
       "      <td>0.616506</td>\n",
       "      <td>0.660370</td>\n",
       "      <td>0.804335</td>\n",
       "      <td>0.726476</td>\n",
       "      <td>0.743594</td>\n",
       "      <td>0.736299</td>\n",
       "      <td>0.705550</td>\n",
       "      <td>0.000000</td>\n",
       "      <td>0.719799</td>\n",
       "    </tr>\n",
       "    <tr>\n",
       "      <th>9</th>\n",
       "      <td>0.590347</td>\n",
       "      <td>0.441820</td>\n",
       "      <td>0.565430</td>\n",
       "      <td>0.678438</td>\n",
       "      <td>0.554901</td>\n",
       "      <td>0.604184</td>\n",
       "      <td>0.583269</td>\n",
       "      <td>0.597920</td>\n",
       "      <td>0.719799</td>\n",
       "      <td>0.000000</td>\n",
       "    </tr>\n",
       "  </tbody>\n",
       "</table>\n",
       "</div>"
      ],
      "text/plain": [
       "          0         1         2         3         4         5         6  \\\n",
       "0  0.000000  0.472188  0.549876  0.660371  0.604808  0.612707  0.613227   \n",
       "1  0.472188  0.000000  0.421870  0.611931  0.453208  0.490067  0.477519   \n",
       "2  0.549876  0.421870  0.000000  0.678706  0.569061  0.562239  0.596743   \n",
       "3  0.660371  0.611931  0.678706  0.000000  0.726047  0.728917  0.729461   \n",
       "4  0.604808  0.453208  0.569061  0.726047  0.000000  0.611008  0.598384   \n",
       "5  0.612707  0.490067  0.562239  0.728917  0.611008  0.000000  0.605638   \n",
       "6  0.613227  0.477519  0.596743  0.729461  0.598384  0.605638  0.000000   \n",
       "7  0.601940  0.464760  0.596737  0.736884  0.515562  0.640762  0.607596   \n",
       "8  0.710100  0.616506  0.660370  0.804335  0.726476  0.743594  0.736299   \n",
       "9  0.590347  0.441820  0.565430  0.678438  0.554901  0.604184  0.583269   \n",
       "\n",
       "          7         8         9  \n",
       "0  0.601940  0.710100  0.590347  \n",
       "1  0.464760  0.616506  0.441820  \n",
       "2  0.596737  0.660370  0.565430  \n",
       "3  0.736884  0.804335  0.678438  \n",
       "4  0.515562  0.726476  0.554901  \n",
       "5  0.640762  0.743594  0.604184  \n",
       "6  0.607596  0.736299  0.583269  \n",
       "7  0.000000  0.705550  0.597920  \n",
       "8  0.705550  0.000000  0.719799  \n",
       "9  0.597920  0.719799  0.000000  "
      ]
     },
     "execution_count": 326,
     "metadata": {},
     "output_type": "execute_result"
    }
   ],
   "source": [
    "distance_matrix_text = pd.DataFrame(distance_matrix(centers_text, centers_text))\n",
    "distance_matrix_text"
   ]
  },
  {
   "cell_type": "code",
   "execution_count": 327,
   "id": "2962795f",
   "metadata": {},
   "outputs": [
    {
     "data": {
      "text/html": [
       "<div>\n",
       "<style scoped>\n",
       "    .dataframe tbody tr th:only-of-type {\n",
       "        vertical-align: middle;\n",
       "    }\n",
       "\n",
       "    .dataframe tbody tr th {\n",
       "        vertical-align: top;\n",
       "    }\n",
       "\n",
       "    .dataframe thead th {\n",
       "        text-align: right;\n",
       "    }\n",
       "</style>\n",
       "<table border=\"1\" class=\"dataframe\">\n",
       "  <thead>\n",
       "    <tr style=\"text-align: right;\">\n",
       "      <th></th>\n",
       "      <th>0</th>\n",
       "      <th>1</th>\n",
       "      <th>2</th>\n",
       "      <th>3</th>\n",
       "      <th>4</th>\n",
       "      <th>5</th>\n",
       "      <th>6</th>\n",
       "      <th>7</th>\n",
       "      <th>8</th>\n",
       "      <th>9</th>\n",
       "      <th>10</th>\n",
       "      <th>11</th>\n",
       "      <th>12</th>\n",
       "      <th>13</th>\n",
       "      <th>14</th>\n",
       "    </tr>\n",
       "  </thead>\n",
       "  <tbody>\n",
       "    <tr>\n",
       "      <th>0</th>\n",
       "      <td>0.000000</td>\n",
       "      <td>17.816468</td>\n",
       "      <td>14.564959</td>\n",
       "      <td>17.254777</td>\n",
       "      <td>17.966176</td>\n",
       "      <td>15.221972</td>\n",
       "      <td>19.645335</td>\n",
       "      <td>10.608805</td>\n",
       "      <td>12.342662</td>\n",
       "      <td>22.517423</td>\n",
       "      <td>18.715288</td>\n",
       "      <td>17.295430</td>\n",
       "      <td>14.412369</td>\n",
       "      <td>14.081656</td>\n",
       "      <td>17.503217</td>\n",
       "    </tr>\n",
       "    <tr>\n",
       "      <th>1</th>\n",
       "      <td>17.816468</td>\n",
       "      <td>0.000000</td>\n",
       "      <td>13.854266</td>\n",
       "      <td>23.836082</td>\n",
       "      <td>12.577386</td>\n",
       "      <td>7.981596</td>\n",
       "      <td>7.827156</td>\n",
       "      <td>12.254754</td>\n",
       "      <td>10.659477</td>\n",
       "      <td>10.579959</td>\n",
       "      <td>24.355790</td>\n",
       "      <td>26.330310</td>\n",
       "      <td>19.228182</td>\n",
       "      <td>18.271782</td>\n",
       "      <td>7.481774</td>\n",
       "    </tr>\n",
       "    <tr>\n",
       "      <th>2</th>\n",
       "      <td>14.564959</td>\n",
       "      <td>13.854266</td>\n",
       "      <td>0.000000</td>\n",
       "      <td>14.215343</td>\n",
       "      <td>20.003462</td>\n",
       "      <td>8.455017</td>\n",
       "      <td>19.211506</td>\n",
       "      <td>13.888125</td>\n",
       "      <td>12.220445</td>\n",
       "      <td>19.290566</td>\n",
       "      <td>16.321027</td>\n",
       "      <td>20.226732</td>\n",
       "      <td>9.778436</td>\n",
       "      <td>9.849012</td>\n",
       "      <td>18.198334</td>\n",
       "    </tr>\n",
       "    <tr>\n",
       "      <th>3</th>\n",
       "      <td>17.254777</td>\n",
       "      <td>23.836082</td>\n",
       "      <td>14.215343</td>\n",
       "      <td>0.000000</td>\n",
       "      <td>25.177754</td>\n",
       "      <td>18.628701</td>\n",
       "      <td>26.257819</td>\n",
       "      <td>19.461000</td>\n",
       "      <td>20.026345</td>\n",
       "      <td>25.674792</td>\n",
       "      <td>10.727430</td>\n",
       "      <td>12.145551</td>\n",
       "      <td>9.345278</td>\n",
       "      <td>11.405944</td>\n",
       "      <td>25.546667</td>\n",
       "    </tr>\n",
       "    <tr>\n",
       "      <th>4</th>\n",
       "      <td>17.966176</td>\n",
       "      <td>12.577386</td>\n",
       "      <td>20.003462</td>\n",
       "      <td>25.177754</td>\n",
       "      <td>0.000000</td>\n",
       "      <td>15.392723</td>\n",
       "      <td>7.926245</td>\n",
       "      <td>12.111137</td>\n",
       "      <td>17.554957</td>\n",
       "      <td>11.029305</td>\n",
       "      <td>24.178254</td>\n",
       "      <td>22.903395</td>\n",
       "      <td>22.367712</td>\n",
       "      <td>23.449979</td>\n",
       "      <td>11.266306</td>\n",
       "    </tr>\n",
       "    <tr>\n",
       "      <th>5</th>\n",
       "      <td>15.221972</td>\n",
       "      <td>7.981596</td>\n",
       "      <td>8.455017</td>\n",
       "      <td>18.628701</td>\n",
       "      <td>15.392723</td>\n",
       "      <td>0.000000</td>\n",
       "      <td>13.546150</td>\n",
       "      <td>10.456250</td>\n",
       "      <td>10.165032</td>\n",
       "      <td>15.185666</td>\n",
       "      <td>20.843841</td>\n",
       "      <td>23.323734</td>\n",
       "      <td>13.166025</td>\n",
       "      <td>14.443639</td>\n",
       "      <td>12.566944</td>\n",
       "    </tr>\n",
       "    <tr>\n",
       "      <th>6</th>\n",
       "      <td>19.645335</td>\n",
       "      <td>7.827156</td>\n",
       "      <td>19.211506</td>\n",
       "      <td>26.257819</td>\n",
       "      <td>7.926245</td>\n",
       "      <td>13.546150</td>\n",
       "      <td>0.000000</td>\n",
       "      <td>13.490894</td>\n",
       "      <td>14.702737</td>\n",
       "      <td>7.467284</td>\n",
       "      <td>25.803304</td>\n",
       "      <td>25.873912</td>\n",
       "      <td>22.711774</td>\n",
       "      <td>22.118189</td>\n",
       "      <td>5.994086</td>\n",
       "    </tr>\n",
       "    <tr>\n",
       "      <th>7</th>\n",
       "      <td>10.608805</td>\n",
       "      <td>12.254754</td>\n",
       "      <td>13.888125</td>\n",
       "      <td>19.461000</td>\n",
       "      <td>12.111137</td>\n",
       "      <td>10.456250</td>\n",
       "      <td>13.490894</td>\n",
       "      <td>0.000000</td>\n",
       "      <td>9.854284</td>\n",
       "      <td>17.766760</td>\n",
       "      <td>21.660765</td>\n",
       "      <td>20.256356</td>\n",
       "      <td>15.489045</td>\n",
       "      <td>16.157996</td>\n",
       "      <td>11.246516</td>\n",
       "    </tr>\n",
       "    <tr>\n",
       "      <th>8</th>\n",
       "      <td>12.342662</td>\n",
       "      <td>10.659477</td>\n",
       "      <td>12.220445</td>\n",
       "      <td>20.026345</td>\n",
       "      <td>17.554957</td>\n",
       "      <td>10.165032</td>\n",
       "      <td>14.702737</td>\n",
       "      <td>9.854284</td>\n",
       "      <td>0.000000</td>\n",
       "      <td>18.198972</td>\n",
       "      <td>22.015727</td>\n",
       "      <td>22.760195</td>\n",
       "      <td>15.466376</td>\n",
       "      <td>12.080039</td>\n",
       "      <td>10.335059</td>\n",
       "    </tr>\n",
       "    <tr>\n",
       "      <th>9</th>\n",
       "      <td>22.517423</td>\n",
       "      <td>10.579959</td>\n",
       "      <td>19.290566</td>\n",
       "      <td>25.674792</td>\n",
       "      <td>11.029305</td>\n",
       "      <td>15.185666</td>\n",
       "      <td>7.467284</td>\n",
       "      <td>17.766760</td>\n",
       "      <td>18.198972</td>\n",
       "      <td>0.000000</td>\n",
       "      <td>23.425057</td>\n",
       "      <td>25.211904</td>\n",
       "      <td>22.612824</td>\n",
       "      <td>22.670138</td>\n",
       "      <td>12.014713</td>\n",
       "    </tr>\n",
       "    <tr>\n",
       "      <th>10</th>\n",
       "      <td>18.715288</td>\n",
       "      <td>24.355790</td>\n",
       "      <td>16.321027</td>\n",
       "      <td>10.727430</td>\n",
       "      <td>24.178254</td>\n",
       "      <td>20.843841</td>\n",
       "      <td>25.803304</td>\n",
       "      <td>21.660765</td>\n",
       "      <td>22.015727</td>\n",
       "      <td>23.425057</td>\n",
       "      <td>0.000000</td>\n",
       "      <td>9.887270</td>\n",
       "      <td>12.637506</td>\n",
       "      <td>14.958816</td>\n",
       "      <td>26.026765</td>\n",
       "    </tr>\n",
       "    <tr>\n",
       "      <th>11</th>\n",
       "      <td>17.295430</td>\n",
       "      <td>26.330310</td>\n",
       "      <td>20.226732</td>\n",
       "      <td>12.145551</td>\n",
       "      <td>22.903395</td>\n",
       "      <td>23.323734</td>\n",
       "      <td>25.873912</td>\n",
       "      <td>20.256356</td>\n",
       "      <td>22.760195</td>\n",
       "      <td>25.211904</td>\n",
       "      <td>9.887270</td>\n",
       "      <td>0.000000</td>\n",
       "      <td>15.612385</td>\n",
       "      <td>17.263339</td>\n",
       "      <td>25.845477</td>\n",
       "    </tr>\n",
       "    <tr>\n",
       "      <th>12</th>\n",
       "      <td>14.412369</td>\n",
       "      <td>19.228182</td>\n",
       "      <td>9.778436</td>\n",
       "      <td>9.345278</td>\n",
       "      <td>22.367712</td>\n",
       "      <td>13.166025</td>\n",
       "      <td>22.711774</td>\n",
       "      <td>15.489045</td>\n",
       "      <td>15.466376</td>\n",
       "      <td>22.612824</td>\n",
       "      <td>12.637506</td>\n",
       "      <td>15.612385</td>\n",
       "      <td>0.000000</td>\n",
       "      <td>10.380260</td>\n",
       "      <td>21.479325</td>\n",
       "    </tr>\n",
       "    <tr>\n",
       "      <th>13</th>\n",
       "      <td>14.081656</td>\n",
       "      <td>18.271782</td>\n",
       "      <td>9.849012</td>\n",
       "      <td>11.405944</td>\n",
       "      <td>23.449979</td>\n",
       "      <td>14.443639</td>\n",
       "      <td>22.118189</td>\n",
       "      <td>16.157996</td>\n",
       "      <td>12.080039</td>\n",
       "      <td>22.670138</td>\n",
       "      <td>14.958816</td>\n",
       "      <td>17.263339</td>\n",
       "      <td>10.380260</td>\n",
       "      <td>0.000000</td>\n",
       "      <td>19.855856</td>\n",
       "    </tr>\n",
       "    <tr>\n",
       "      <th>14</th>\n",
       "      <td>17.503217</td>\n",
       "      <td>7.481774</td>\n",
       "      <td>18.198334</td>\n",
       "      <td>25.546667</td>\n",
       "      <td>11.266306</td>\n",
       "      <td>12.566944</td>\n",
       "      <td>5.994086</td>\n",
       "      <td>11.246516</td>\n",
       "      <td>10.335059</td>\n",
       "      <td>12.014713</td>\n",
       "      <td>26.026765</td>\n",
       "      <td>25.845477</td>\n",
       "      <td>21.479325</td>\n",
       "      <td>19.855856</td>\n",
       "      <td>0.000000</td>\n",
       "    </tr>\n",
       "  </tbody>\n",
       "</table>\n",
       "</div>"
      ],
      "text/plain": [
       "           0          1          2          3          4          5   \\\n",
       "0    0.000000  17.816468  14.564959  17.254777  17.966176  15.221972   \n",
       "1   17.816468   0.000000  13.854266  23.836082  12.577386   7.981596   \n",
       "2   14.564959  13.854266   0.000000  14.215343  20.003462   8.455017   \n",
       "3   17.254777  23.836082  14.215343   0.000000  25.177754  18.628701   \n",
       "4   17.966176  12.577386  20.003462  25.177754   0.000000  15.392723   \n",
       "5   15.221972   7.981596   8.455017  18.628701  15.392723   0.000000   \n",
       "6   19.645335   7.827156  19.211506  26.257819   7.926245  13.546150   \n",
       "7   10.608805  12.254754  13.888125  19.461000  12.111137  10.456250   \n",
       "8   12.342662  10.659477  12.220445  20.026345  17.554957  10.165032   \n",
       "9   22.517423  10.579959  19.290566  25.674792  11.029305  15.185666   \n",
       "10  18.715288  24.355790  16.321027  10.727430  24.178254  20.843841   \n",
       "11  17.295430  26.330310  20.226732  12.145551  22.903395  23.323734   \n",
       "12  14.412369  19.228182   9.778436   9.345278  22.367712  13.166025   \n",
       "13  14.081656  18.271782   9.849012  11.405944  23.449979  14.443639   \n",
       "14  17.503217   7.481774  18.198334  25.546667  11.266306  12.566944   \n",
       "\n",
       "           6          7          8          9          10         11  \\\n",
       "0   19.645335  10.608805  12.342662  22.517423  18.715288  17.295430   \n",
       "1    7.827156  12.254754  10.659477  10.579959  24.355790  26.330310   \n",
       "2   19.211506  13.888125  12.220445  19.290566  16.321027  20.226732   \n",
       "3   26.257819  19.461000  20.026345  25.674792  10.727430  12.145551   \n",
       "4    7.926245  12.111137  17.554957  11.029305  24.178254  22.903395   \n",
       "5   13.546150  10.456250  10.165032  15.185666  20.843841  23.323734   \n",
       "6    0.000000  13.490894  14.702737   7.467284  25.803304  25.873912   \n",
       "7   13.490894   0.000000   9.854284  17.766760  21.660765  20.256356   \n",
       "8   14.702737   9.854284   0.000000  18.198972  22.015727  22.760195   \n",
       "9    7.467284  17.766760  18.198972   0.000000  23.425057  25.211904   \n",
       "10  25.803304  21.660765  22.015727  23.425057   0.000000   9.887270   \n",
       "11  25.873912  20.256356  22.760195  25.211904   9.887270   0.000000   \n",
       "12  22.711774  15.489045  15.466376  22.612824  12.637506  15.612385   \n",
       "13  22.118189  16.157996  12.080039  22.670138  14.958816  17.263339   \n",
       "14   5.994086  11.246516  10.335059  12.014713  26.026765  25.845477   \n",
       "\n",
       "           12         13         14  \n",
       "0   14.412369  14.081656  17.503217  \n",
       "1   19.228182  18.271782   7.481774  \n",
       "2    9.778436   9.849012  18.198334  \n",
       "3    9.345278  11.405944  25.546667  \n",
       "4   22.367712  23.449979  11.266306  \n",
       "5   13.166025  14.443639  12.566944  \n",
       "6   22.711774  22.118189   5.994086  \n",
       "7   15.489045  16.157996  11.246516  \n",
       "8   15.466376  12.080039  10.335059  \n",
       "9   22.612824  22.670138  12.014713  \n",
       "10  12.637506  14.958816  26.026765  \n",
       "11  15.612385  17.263339  25.845477  \n",
       "12   0.000000  10.380260  21.479325  \n",
       "13  10.380260   0.000000  19.855856  \n",
       "14  21.479325  19.855856   0.000000  "
      ]
     },
     "execution_count": 327,
     "metadata": {},
     "output_type": "execute_result"
    }
   ],
   "source": [
    "distance_matrix_price = pd.DataFrame(distance_matrix(centers_price, centers_price))\n",
    "distance_matrix_price"
   ]
  },
  {
   "cell_type": "code",
   "execution_count": 328,
   "id": "ceddce9d",
   "metadata": {},
   "outputs": [
    {
     "data": {
      "text/html": [
       "<div>\n",
       "<style scoped>\n",
       "    .dataframe tbody tr th:only-of-type {\n",
       "        vertical-align: middle;\n",
       "    }\n",
       "\n",
       "    .dataframe tbody tr th {\n",
       "        vertical-align: top;\n",
       "    }\n",
       "\n",
       "    .dataframe thead th {\n",
       "        text-align: right;\n",
       "    }\n",
       "</style>\n",
       "<table border=\"1\" class=\"dataframe\">\n",
       "  <thead>\n",
       "    <tr style=\"text-align: right;\">\n",
       "      <th></th>\n",
       "      <th>0</th>\n",
       "      <th>1</th>\n",
       "      <th>2</th>\n",
       "      <th>3</th>\n",
       "      <th>4</th>\n",
       "    </tr>\n",
       "  </thead>\n",
       "  <tbody>\n",
       "    <tr>\n",
       "      <th>0</th>\n",
       "      <td>0.000000</td>\n",
       "      <td>9.060419</td>\n",
       "      <td>6.974976</td>\n",
       "      <td>5.083469</td>\n",
       "      <td>2.689992</td>\n",
       "    </tr>\n",
       "    <tr>\n",
       "      <th>1</th>\n",
       "      <td>9.060419</td>\n",
       "      <td>0.000000</td>\n",
       "      <td>14.385248</td>\n",
       "      <td>9.551765</td>\n",
       "      <td>10.510348</td>\n",
       "    </tr>\n",
       "    <tr>\n",
       "      <th>2</th>\n",
       "      <td>6.974976</td>\n",
       "      <td>14.385248</td>\n",
       "      <td>0.000000</td>\n",
       "      <td>10.540177</td>\n",
       "      <td>4.706058</td>\n",
       "    </tr>\n",
       "    <tr>\n",
       "      <th>3</th>\n",
       "      <td>5.083469</td>\n",
       "      <td>9.551765</td>\n",
       "      <td>10.540177</td>\n",
       "      <td>0.000000</td>\n",
       "      <td>6.795907</td>\n",
       "    </tr>\n",
       "    <tr>\n",
       "      <th>4</th>\n",
       "      <td>2.689992</td>\n",
       "      <td>10.510348</td>\n",
       "      <td>4.706058</td>\n",
       "      <td>6.795907</td>\n",
       "      <td>0.000000</td>\n",
       "    </tr>\n",
       "  </tbody>\n",
       "</table>\n",
       "</div>"
      ],
      "text/plain": [
       "          0          1          2          3          4\n",
       "0  0.000000   9.060419   6.974976   5.083469   2.689992\n",
       "1  9.060419   0.000000  14.385248   9.551765  10.510348\n",
       "2  6.974976  14.385248   0.000000  10.540177   4.706058\n",
       "3  5.083469   9.551765  10.540177   0.000000   6.795907\n",
       "4  2.689992  10.510348   4.706058   6.795907   0.000000"
      ]
     },
     "execution_count": 328,
     "metadata": {},
     "output_type": "execute_result"
    }
   ],
   "source": [
    "distance_matrix_finance = pd.DataFrame(distance_matrix(centers_finance, centers_finance))\n",
    "distance_matrix_finance"
   ]
  },
  {
   "cell_type": "code",
   "execution_count": 1,
   "id": "3c27be88",
   "metadata": {},
   "outputs": [
    {
     "ename": "NameError",
     "evalue": "name 'normalize' is not defined",
     "output_type": "error",
     "traceback": [
      "\u001b[1;31m---------------------------------------------------------------------------\u001b[0m",
      "\u001b[1;31mNameError\u001b[0m                                 Traceback (most recent call last)",
      "Cell \u001b[1;32mIn[1], line 1\u001b[0m\n\u001b[1;32m----> 1\u001b[0m distance_matrix_text \u001b[38;5;241m=\u001b[39m \u001b[43mnormalize\u001b[49m(distance_matrix_text)\n\u001b[0;32m      2\u001b[0m distance_matrix_price \u001b[38;5;241m=\u001b[39m normalize(distance_matrix_price)\n\u001b[0;32m      3\u001b[0m distance_matrix_finance \u001b[38;5;241m=\u001b[39m normalize(distance_matrix_finance)\n",
      "\u001b[1;31mNameError\u001b[0m: name 'normalize' is not defined"
     ]
    }
   ],
   "source": [
    "distance_matrix_text = normalize(distance_matrix_text)\n",
    "distance_matrix_price = normalize(distance_matrix_price)\n",
    "distance_matrix_finance = normalize(distance_matrix_finance)"
   ]
  },
  {
   "cell_type": "code",
   "execution_count": 330,
   "id": "eaa4333e",
   "metadata": {},
   "outputs": [],
   "source": [
    "# distance_matrix_text"
   ]
  },
  {
   "cell_type": "code",
   "execution_count": 331,
   "id": "ea7a8dc4",
   "metadata": {},
   "outputs": [],
   "source": [
    "# distance_matrix_price"
   ]
  },
  {
   "cell_type": "code",
   "execution_count": 332,
   "id": "19874bdb",
   "metadata": {},
   "outputs": [],
   "source": [
    "# distance_matrix_finance"
   ]
  },
  {
   "cell_type": "code",
   "execution_count": 333,
   "id": "c7bb0c95",
   "metadata": {},
   "outputs": [],
   "source": [
    "# df_text_result --> 기업개요 클러스터링 결과 200 x 200\n",
    "# df_price_result --> 주가변동 클러스터링 결과 194 x 194\n",
    "# df_finance_result --> 재무지표 클러스터링 결과 198 x 198\n",
    "\n",
    "df_merge_result = pd.merge(df_text_result, df_price_result, left_on='name', right_on='name', how='inner')\n",
    "df_merge_result = pd.merge(df_merge_result, df_finance_result, left_on='name', right_on='name', how='inner')\n",
    "df_merge_result = df_merge_result.fillna(100)\n",
    "df_merge_result = df_merge_result.astype({'price_clusters':int, 'finance_clusters':int})\n",
    "\n"
   ]
  },
  {
   "cell_type": "code",
   "execution_count": 334,
   "id": "5966d23f",
   "metadata": {},
   "outputs": [
    {
     "data": {
      "text/html": [
       "<div>\n",
       "<style scoped>\n",
       "    .dataframe tbody tr th:only-of-type {\n",
       "        vertical-align: middle;\n",
       "    }\n",
       "\n",
       "    .dataframe tbody tr th {\n",
       "        vertical-align: top;\n",
       "    }\n",
       "\n",
       "    .dataframe thead th {\n",
       "        text-align: right;\n",
       "    }\n",
       "</style>\n",
       "<table border=\"1\" class=\"dataframe\">\n",
       "  <thead>\n",
       "    <tr style=\"text-align: right;\">\n",
       "      <th></th>\n",
       "      <th>0</th>\n",
       "      <th>1</th>\n",
       "      <th>2</th>\n",
       "      <th>3</th>\n",
       "      <th>4</th>\n",
       "      <th>5</th>\n",
       "      <th>6</th>\n",
       "      <th>7</th>\n",
       "      <th>8</th>\n",
       "      <th>9</th>\n",
       "      <th>...</th>\n",
       "      <th>184</th>\n",
       "      <th>185</th>\n",
       "      <th>186</th>\n",
       "      <th>187</th>\n",
       "      <th>188</th>\n",
       "      <th>189</th>\n",
       "      <th>190</th>\n",
       "      <th>191</th>\n",
       "      <th>192</th>\n",
       "      <th>193</th>\n",
       "    </tr>\n",
       "  </thead>\n",
       "  <tbody>\n",
       "    <tr>\n",
       "      <th>0</th>\n",
       "      <td>NaN</td>\n",
       "      <td>NaN</td>\n",
       "      <td>NaN</td>\n",
       "      <td>NaN</td>\n",
       "      <td>NaN</td>\n",
       "      <td>NaN</td>\n",
       "      <td>NaN</td>\n",
       "      <td>NaN</td>\n",
       "      <td>NaN</td>\n",
       "      <td>NaN</td>\n",
       "      <td>...</td>\n",
       "      <td>NaN</td>\n",
       "      <td>NaN</td>\n",
       "      <td>NaN</td>\n",
       "      <td>NaN</td>\n",
       "      <td>NaN</td>\n",
       "      <td>NaN</td>\n",
       "      <td>NaN</td>\n",
       "      <td>NaN</td>\n",
       "      <td>NaN</td>\n",
       "      <td>NaN</td>\n",
       "    </tr>\n",
       "    <tr>\n",
       "      <th>1</th>\n",
       "      <td>NaN</td>\n",
       "      <td>NaN</td>\n",
       "      <td>NaN</td>\n",
       "      <td>NaN</td>\n",
       "      <td>NaN</td>\n",
       "      <td>NaN</td>\n",
       "      <td>NaN</td>\n",
       "      <td>NaN</td>\n",
       "      <td>NaN</td>\n",
       "      <td>NaN</td>\n",
       "      <td>...</td>\n",
       "      <td>NaN</td>\n",
       "      <td>NaN</td>\n",
       "      <td>NaN</td>\n",
       "      <td>NaN</td>\n",
       "      <td>NaN</td>\n",
       "      <td>NaN</td>\n",
       "      <td>NaN</td>\n",
       "      <td>NaN</td>\n",
       "      <td>NaN</td>\n",
       "      <td>NaN</td>\n",
       "    </tr>\n",
       "    <tr>\n",
       "      <th>2</th>\n",
       "      <td>NaN</td>\n",
       "      <td>NaN</td>\n",
       "      <td>NaN</td>\n",
       "      <td>NaN</td>\n",
       "      <td>NaN</td>\n",
       "      <td>NaN</td>\n",
       "      <td>NaN</td>\n",
       "      <td>NaN</td>\n",
       "      <td>NaN</td>\n",
       "      <td>NaN</td>\n",
       "      <td>...</td>\n",
       "      <td>NaN</td>\n",
       "      <td>NaN</td>\n",
       "      <td>NaN</td>\n",
       "      <td>NaN</td>\n",
       "      <td>NaN</td>\n",
       "      <td>NaN</td>\n",
       "      <td>NaN</td>\n",
       "      <td>NaN</td>\n",
       "      <td>NaN</td>\n",
       "      <td>NaN</td>\n",
       "    </tr>\n",
       "    <tr>\n",
       "      <th>3</th>\n",
       "      <td>NaN</td>\n",
       "      <td>NaN</td>\n",
       "      <td>NaN</td>\n",
       "      <td>NaN</td>\n",
       "      <td>NaN</td>\n",
       "      <td>NaN</td>\n",
       "      <td>NaN</td>\n",
       "      <td>NaN</td>\n",
       "      <td>NaN</td>\n",
       "      <td>NaN</td>\n",
       "      <td>...</td>\n",
       "      <td>NaN</td>\n",
       "      <td>NaN</td>\n",
       "      <td>NaN</td>\n",
       "      <td>NaN</td>\n",
       "      <td>NaN</td>\n",
       "      <td>NaN</td>\n",
       "      <td>NaN</td>\n",
       "      <td>NaN</td>\n",
       "      <td>NaN</td>\n",
       "      <td>NaN</td>\n",
       "    </tr>\n",
       "    <tr>\n",
       "      <th>4</th>\n",
       "      <td>NaN</td>\n",
       "      <td>NaN</td>\n",
       "      <td>NaN</td>\n",
       "      <td>NaN</td>\n",
       "      <td>NaN</td>\n",
       "      <td>NaN</td>\n",
       "      <td>NaN</td>\n",
       "      <td>NaN</td>\n",
       "      <td>NaN</td>\n",
       "      <td>NaN</td>\n",
       "      <td>...</td>\n",
       "      <td>NaN</td>\n",
       "      <td>NaN</td>\n",
       "      <td>NaN</td>\n",
       "      <td>NaN</td>\n",
       "      <td>NaN</td>\n",
       "      <td>NaN</td>\n",
       "      <td>NaN</td>\n",
       "      <td>NaN</td>\n",
       "      <td>NaN</td>\n",
       "      <td>NaN</td>\n",
       "    </tr>\n",
       "    <tr>\n",
       "      <th>...</th>\n",
       "      <td>...</td>\n",
       "      <td>...</td>\n",
       "      <td>...</td>\n",
       "      <td>...</td>\n",
       "      <td>...</td>\n",
       "      <td>...</td>\n",
       "      <td>...</td>\n",
       "      <td>...</td>\n",
       "      <td>...</td>\n",
       "      <td>...</td>\n",
       "      <td>...</td>\n",
       "      <td>...</td>\n",
       "      <td>...</td>\n",
       "      <td>...</td>\n",
       "      <td>...</td>\n",
       "      <td>...</td>\n",
       "      <td>...</td>\n",
       "      <td>...</td>\n",
       "      <td>...</td>\n",
       "      <td>...</td>\n",
       "      <td>...</td>\n",
       "    </tr>\n",
       "    <tr>\n",
       "      <th>189</th>\n",
       "      <td>NaN</td>\n",
       "      <td>NaN</td>\n",
       "      <td>NaN</td>\n",
       "      <td>NaN</td>\n",
       "      <td>NaN</td>\n",
       "      <td>NaN</td>\n",
       "      <td>NaN</td>\n",
       "      <td>NaN</td>\n",
       "      <td>NaN</td>\n",
       "      <td>NaN</td>\n",
       "      <td>...</td>\n",
       "      <td>NaN</td>\n",
       "      <td>NaN</td>\n",
       "      <td>NaN</td>\n",
       "      <td>NaN</td>\n",
       "      <td>NaN</td>\n",
       "      <td>NaN</td>\n",
       "      <td>NaN</td>\n",
       "      <td>NaN</td>\n",
       "      <td>NaN</td>\n",
       "      <td>NaN</td>\n",
       "    </tr>\n",
       "    <tr>\n",
       "      <th>190</th>\n",
       "      <td>NaN</td>\n",
       "      <td>NaN</td>\n",
       "      <td>NaN</td>\n",
       "      <td>NaN</td>\n",
       "      <td>NaN</td>\n",
       "      <td>NaN</td>\n",
       "      <td>NaN</td>\n",
       "      <td>NaN</td>\n",
       "      <td>NaN</td>\n",
       "      <td>NaN</td>\n",
       "      <td>...</td>\n",
       "      <td>NaN</td>\n",
       "      <td>NaN</td>\n",
       "      <td>NaN</td>\n",
       "      <td>NaN</td>\n",
       "      <td>NaN</td>\n",
       "      <td>NaN</td>\n",
       "      <td>NaN</td>\n",
       "      <td>NaN</td>\n",
       "      <td>NaN</td>\n",
       "      <td>NaN</td>\n",
       "    </tr>\n",
       "    <tr>\n",
       "      <th>191</th>\n",
       "      <td>NaN</td>\n",
       "      <td>NaN</td>\n",
       "      <td>NaN</td>\n",
       "      <td>NaN</td>\n",
       "      <td>NaN</td>\n",
       "      <td>NaN</td>\n",
       "      <td>NaN</td>\n",
       "      <td>NaN</td>\n",
       "      <td>NaN</td>\n",
       "      <td>NaN</td>\n",
       "      <td>...</td>\n",
       "      <td>NaN</td>\n",
       "      <td>NaN</td>\n",
       "      <td>NaN</td>\n",
       "      <td>NaN</td>\n",
       "      <td>NaN</td>\n",
       "      <td>NaN</td>\n",
       "      <td>NaN</td>\n",
       "      <td>NaN</td>\n",
       "      <td>NaN</td>\n",
       "      <td>NaN</td>\n",
       "    </tr>\n",
       "    <tr>\n",
       "      <th>192</th>\n",
       "      <td>NaN</td>\n",
       "      <td>NaN</td>\n",
       "      <td>NaN</td>\n",
       "      <td>NaN</td>\n",
       "      <td>NaN</td>\n",
       "      <td>NaN</td>\n",
       "      <td>NaN</td>\n",
       "      <td>NaN</td>\n",
       "      <td>NaN</td>\n",
       "      <td>NaN</td>\n",
       "      <td>...</td>\n",
       "      <td>NaN</td>\n",
       "      <td>NaN</td>\n",
       "      <td>NaN</td>\n",
       "      <td>NaN</td>\n",
       "      <td>NaN</td>\n",
       "      <td>NaN</td>\n",
       "      <td>NaN</td>\n",
       "      <td>NaN</td>\n",
       "      <td>NaN</td>\n",
       "      <td>NaN</td>\n",
       "    </tr>\n",
       "    <tr>\n",
       "      <th>193</th>\n",
       "      <td>NaN</td>\n",
       "      <td>NaN</td>\n",
       "      <td>NaN</td>\n",
       "      <td>NaN</td>\n",
       "      <td>NaN</td>\n",
       "      <td>NaN</td>\n",
       "      <td>NaN</td>\n",
       "      <td>NaN</td>\n",
       "      <td>NaN</td>\n",
       "      <td>NaN</td>\n",
       "      <td>...</td>\n",
       "      <td>NaN</td>\n",
       "      <td>NaN</td>\n",
       "      <td>NaN</td>\n",
       "      <td>NaN</td>\n",
       "      <td>NaN</td>\n",
       "      <td>NaN</td>\n",
       "      <td>NaN</td>\n",
       "      <td>NaN</td>\n",
       "      <td>NaN</td>\n",
       "      <td>NaN</td>\n",
       "    </tr>\n",
       "  </tbody>\n",
       "</table>\n",
       "<p>194 rows × 194 columns</p>\n",
       "</div>"
      ],
      "text/plain": [
       "     0    1    2    3    4    5    6    7    8    9    ...  184  185  186  \\\n",
       "0    NaN  NaN  NaN  NaN  NaN  NaN  NaN  NaN  NaN  NaN  ...  NaN  NaN  NaN   \n",
       "1    NaN  NaN  NaN  NaN  NaN  NaN  NaN  NaN  NaN  NaN  ...  NaN  NaN  NaN   \n",
